Simulation time: 	16.777 s
Selected chisq: 	[3.8062133892915435e-13, 2.7315804486679047, 2.7875435876363746, 2.7875435876363746, 0.8297330675889213]
Best chisq: 		3.8062133892915435e-13

Selected models: [2.0, 3.0, 4.0, 0.5, 1.0, 1.0, 1.0, 0.0, -0.1]
                 [2.0, 3.0, 4.0, 0.09999999999999998, 3.0, 4.0, 3.0, -0.30000000000000004, -0.10000000000000003]
                 [1.0, 4.0, 3.0, 0.30000000000000004, 4.0, 3.0, 1.0, -0.5, -0.09999999999999998]
                 [4.0, 3.0, 1.0, 0.30000000000000004, 3.0, 1.0, 4.0, -0.5, -0.09999999999999998]
                 [1.0, 1.0, 1.0, -0.1, 3.0, 3.0, 4.0, -0.1, -0.1]

Best model:      [2.0, 3.0, 4.0, 0.5, 1.0, 1.0, 1.0, 0.0, -0.1]

True model:      [3.0, 3.0, 3.0, 0.5, 1.0, 1.0, 1.0, 0.0, -0.1]
